# Dimensions (x, y, z)
d  512 512 7

# Paths: Sources (x, y, z) -> Destinations (x, y, z)
p   432 388 2   132 261 2
p   401 155 3   298 464 3
p   144 386 4   128 465 6
p   414 461 2   373 460 4
p   241  51 3   312 467 6
p   244 443 1   412 280 0
p   368 204 5   342   0 3
p   444 124 2   445  97 3
p   122 495 5   229  41 2
p   260 477 0   282 361 3
p   417 276 6   308 300 3
p   305 197 4   148  96 1
p   313 336 3    45 387 6
p   472 431 6   472 276 2
p   361 141 5   434 458 4
p   486 296 3   338 510 6
p   406  42 4   249 322 5
p   124 374 0   112 406 2
p   417  51 1   357  23 4
p   465 273 4    13 325 4
p   294 200 2   502  18 0
p   492  94 0   107 409 6
p    11 217 0   133 113 4
p   179  92 3    20  51 6
p   102 183 5   429 470 1
p   344 494 0   346 432 2
p   128 305 3    89 241 2
p   291 260 2   182 428 1
p   287   6 5   171  23 1
p   122 488 2   147 183 6
p   324 317 5   198 212 4
p     0  98 2   122 326 2
p   448 290 2   205 359 2
p   339  23 3   132  80 3
p   249 287 5   452 253 2
p   239 414 6   415  96 6
p   324  42 5   505 205 4
p   161 109 5     1 421 3
p    50  60 4   447 143 6
p    51 437 2    41 140 3
p   405 441 0   266 333 2
p   446 142 0    20 348 3
p   484 480 6    21 383 4
p   335 364 6   327 190 3
p   106 300 0    77 170 5
p   367 173 4    21  83 6
p   148 202 3   150 244 1
p    24  91 3    36 206 2
p   212  50 6   242 430 6
p   175 245 4   218 154 5
p   457 470 4   192 498 4
p    33  43 5    31   4 2
p   265 229 3   299 347 2
p   188 506 1   397 220 2
p    32 442 4   462 231 4
p    60 203 1    21 485 1
p    74 101 2   279  77 6
p   503  75 2   348 449 3
p   469 165 3   255 343 1
p   312 112 2   492 460 5
p    18  75 1   401 431 4
p   367 413 0    43 444 0
p   115  20 0   432 169 1
p    76 335 6   258 461 3
p   293 347 5   388 507 5
p   463 105 3   306 422 3
p   405 198 4   435 408 4
p     0  93 3   130  33 6
p   482 155 2   414  31 4
p    65 146 5    28  18 2
p   251 442 5   344  77 6
p   210 313 2    24 241 1
p    16 316 4    53 281 2
p   196 397 3   451 312 3
p   323 172 0   349 318 5
p    65 466 5   469 446 4
p   414 265 5    96 400 3
p   387 233 5    38  22 6
p   248 461 6   341 292 1
p    47 419 6   399 357 2
p   156  58 2   289 472 6
p   212  50 5   375  15 3
p   351  15 6   492 369 0
p    36 183 0   178   5 6
p   419  36 6   106 104 4
p   480  63 0   188  12 4
p   439  95 0   176 491 0
p   494 185 3   149 479 6
p   325  94 6    52 297 1
p   459 484 5   161 124 5
p   149 214 0    67  10 0
p    37 215 3   379  72 2
p   326  43 3   189 485 0
p   209 213 5   164 104 2
p   241 486 5   141 285 4
p   407 228 2   393 221 1
p   232 479 0   236 326 3
p   104   0 4   316   3 2
p   393 322 3    79 361 3
p   347 389 1   390 143 6
p    61 452 0   131 269 4
p   202  52 1   145 386 6
p   304  18 5   156 174 3
p   127 471 1   212 148 3
p   293 321 3   210 324 2
p   398 403 2   190 321 1
p   356 195 4    71 342 2
p   242 212 3   355 162 4
p    30 153 5    26 318 0
p   241 454 0   269  34 6
p   351 379 4     3  21 4
p   511 447 4   372 116 5
p   147  53 3   169  86 2
p   459 222 3   362 268 0
p   466 227 5   199 413 2
p   112 100 6   300  25 2
p   119  43 1    29 326 1
p   312 313 4   262 145 6
p   180 234 4   264 489 6
p   476 478 4   250 360 1
p   136  22 1     1 335 0
p   402 348 6   203 471 3
p   173  52 6   406 165 3
p   166  14 0   188 107 3
p    96 103 4   376 159 6
p   130 176 4    22 478 0
p   235 370 0   414 501 3
p    60  41 0   391 211 6
p   225  39 2   386 424 0
p    92 250 0   445 478 2
p   222 285 1   277 103 2
p   226 309 3   133 118 0
p   401  50 5   127 145 5
p   337 379 3   439  62 4
p    60 377 2   345 360 4
p   113 425 1   265 345 1
p   321 146 1   414 283 2
p   299  12 0   202 499 3
p    39 391 5   396 291 4
p   109 375 5   389 180 4
p   322 461 0   426 269 2
p   233   6 1   334 338 3
p   488 246 2   434 132 4
p   360 420 5   196  30 0
p   371 492 2   225 371 4
p   133 343 2   182 276 5
p    77  11 4    12  23 1
p   334  34 0   497 216 6
p   110 222 2    90 168 6
p   382 195 2   135 272 5
p   351 236 0   471 209 2
p     1  70 6   263 375 1
p   168 430 5   126  11 5
p    86 403 4    86  40 6
p   306 317 3    76 308 1
p   412 375 0   477  18 0
p   149  77 1   182 376 2
p   138 252 2   159 461 3
p   500 395 3   134 351 3
p   369 206 3    10 378 0
p   348 297 5   148 351 1
p   270 174 6   497 106 3
p   168 495 6   300 368 4
p   180 469 6   169 382 0
p   417 289 6   185 320 2
p   400 307 6     0  72 0
p    64 475 6   245 484 5
p   398 382 1   281 217 6
p    89  86 4    80  56 3
p   407 309 5   136 145 3
p   507 367 6   275 283 6
p    97 400 5   432 384 1
p   338 472 3   184 486 3
p   210 314 5   116   8 3
p   481 348 4   321 254 5
p   127 456 1   483 474 0
p   229 380 3   260 413 4
p   490  84 6   475 324 6
p   129 451 5   312  46 0
p     5 128 5   197 397 4
p   199 450 0   238 424 0
p   363 167 0   242 267 0
p   289 177 0    97  56 3
p    22 475 5   483 161 6
p   503 391 1   343 304 2
p   156  30 0    68 246 4
p   391  23 5    22 284 5
p   323 486 2   299  42 3
p   416 103 1   358 129 1
p   478 511 1   460 282 0
p   299 328 0   387 418 0
p   331 233 1   234  81 2
p   335 243 3   278 420 2
p   416  40 2   180 231 5
p   262 505 6    60 162 0
p   375   9 6    98 211 0
p   159 199 0   392 364 2
p   427  39 0   181 461 5
p   344 288 5   211  15 5
p    97 198 2    63 179 1
p   315 334 0   233 283 6
p   253  41 0   441 404 6
p   134 331 0   423 170 6
p   241  16 6   320 146 0
p   192  80 3    75  89 6
p   327 124 6   319 484 3
p   454 347 0   123 144 1
p   121 115 6   237 448 0
p   289   6 6     2 199 5
p   511   9 5   261  19 5
p    57 313 5   344 194 0
p   223 467 2   126  70 3
p   273  37 2   337 494 3
p   223 241 1   202 330 2
p   297 427 6   453 190 0
p   313 242 1    20 164 5
p   493  54 6    24 365 0
p   215 445 2   473 365 4
p    82 174 2   302 509 1
p   257 477 2   321 392 4
p   385 100 6    90 298 2
p   324 149 3   349 137 5
p   177  67 4    84 220 2
p    38 363 4   398 278 3
p    86 106 1   268 419 2
p   451 376 5   171  60 6
p   437 209 6   460 175 3
p   169 355 6   504 380 2
p   450 508 2   485 261 6
p   509 416 4    78   2 4
p   360 478 3   356 331 1
p   329 502 0   352 314 2
p   406   5 6   418 246 0
p   231 299 1   249 397 6
p   287 423 0   438 471 1
p   423 434 6   264 311 1
p   362 207 0    68 198 6
p   289 469 6    44 301 2
p   259 233 3    52 426 3
p   330 242 1   276  81 5
p   425  73 0    35 201 6
p   284 135 1    56  72 5
p    70 442 5    70 286 0
p   441 285 5   251 353 6
p   286 447 2    49   2 1
p   429 159 1   253 484 3
p   174  39 4   115 188 2
p   388 118 6   380 246 6
p   183 196 0   398 205 3
p   241 335 2   468 221 2
p   205 392 6   443 245 2
p   228 176 1    95 489 3
p    56 196 2   262 501 6
p   289 316 4   257 249 2
p   350  47 2   456 116 6
p   503 294 0    47 102 2
p    57 408 2   119  22 2
p     2  59 4   478 102 5
p   101   0 6   433  34 1
p   119 475 2   413 223 2
p   391 315 1   298 360 5
p   346 328 4    47 483 5
p   139 354 4   337 194 4
p   337 103 3    61  54 6
p    63 457 3   232 173 2
p   193 289 2   420 119 1
p   246 478 0   370   3 2
p   391 228 3   129 243 1
p   145 334 4   475 496 3
p    44 153 3   344 484 1
p    18 445 5   392 239 4
p   210  98 2   402 410 6
p   454 349 3   370  93 6
p   364 304 3   324 316 6
p   292 109 3   124 463 5
p   284 100 0    68 226 4
p   114 350 6   387 217 4
p   506 453 2   350  83 3
p   182 224 3   339 433 3
p    75 386 5   488 201 3
p   276 456 4    10 106 5
p   299 447 2   107   2 6
p    69 329 3   194 275 0
p   496 252 0   214 387 2
p   381 392 1   495  14 6
p   262  78 1   303 142 5
p   112 196 3   173 421 1
p    45  79 4   288  32 6
p   245 163 5    12 222 4
p   492 389 6    60 220 0
p   139 196 2   191 411 1
p   422 277 2   282  82 3
p    11 441 2   176 509 4
p   213 404 0   292 266 6
p   300 248 3   400 177 3
p   362 509 4   492 204 4
p   381 178 1   498 178 6
p   436 110 5   503 141 4
p   394  42 5   157 361 6
p    17 313 2    58 364 6
p   262 177 3   212 272 2
p    41 501 6    89 123 3
p   357  16 5   326 137 6
p   338 162 3   501  24 4
p   434 354 0   305 402 2
p   298 129 2   413 250 3
p    62 191 3   118 413 2
p   122 157 5   462 491 0
p   385 269 0   126 144 2
p   241 479 0   363 437 2
p   127 113 2    74 282 1
p    13 119 5   213 452 6
p   124 286 6   297  86 1
p   505 153 6   407 379 5
p   404 433 0    85 258 1
p   273 252 0    44   5 5
p    41 492 6   381 230 1
p   211 176 2   371 456 1
p   124 107 0   437 261 0
p   228 230 5   389  68 4
p   260   6 1   341 187 6
p   256 352 0   245 375 5
p   102 203 3   225 243 2
p   414 467 2   326 194 4
p   356 256 4   387 431 1
p   110 263 3   413 264 6
p   398 259 5   243 174 3
p   233 333 0   373 495 3
p    35 103 0   131 406 0
p   447 481 1    88 494 2
p   415   4 6     8 311 6
p   425 158 5   201 255 2
p   181 298 5   358 393 0
p   272 180 1   471 100 1
p    91 336 4   258 300 6
p   440 463 0   459  16 4
p   476 257 2   169 469 6
p   316 365 2    70 501 4
p   140 500 4   169 458 0
p   411  81 0   132 365 4
p   215  81 6   392 351 5
p   396  57 5   429 382 3
p   351  51 5   134 401 4
p   260 274 0    20   7 5
p    70  62 2   500 453 2
p   419  43 2   296 504 0
p   211 470 0   306 204 3
p   360 208 6   489 504 0
p   428 449 1   482  65 1
p   489 425 4   147 129 2
p     4 325 0   396  35 0
p   145 395 5   259 480 0
p   170 379 2    74 296 0
p   190 129 2   248 274 0
p   161 196 2   245 218 0
p   112 329 5   261  75 0
p    79 196 3   340 268 3
p   180 340 5   205 417 5
p   463 238 2   397  19 2
p   500 175 3   127  39 0
p   222 316 3   265  57 0
p   183 482 1   137 247 6
p   484   0 4   120 335 5
p   454 349 5   401  82 0
p   378 269 6    84 197 2
p   449 247 6   362 511 4
p   499  88 3   296 500 3
p   443 321 3   200 188 2
p   108 492 3   443 453 6
p   121 172 4   164  73 5
p   281 274 4    58 472 3
p   354 307 4   363  45 3
p   107 199 3   181 208 5
p    22 489 4    83 285 0
p   256 352 2   160 344 6
p   447 197 6    58  30 6
p   390 314 3   158 460 5
p   246 112 4   371 509 5
p    46 506 5   298 169 5
p   305  49 3    10 403 5
p   373  46 4   200  65 6
p   482 472 3   442 101 2
p   465 302 1    66 116 3
p   155 376 1    40 459 4
p   498  93 6     8 275 3
p    64 417 1   459 358 5
p   443 405 5     2  73 1
p   295   1 0   248  21 2
p   112  89 2   451 118 4
p   375 345 1   179 139 3
p   496 111 3    33 192 6
p   465  48 5   366 469 3
p   216 458 3   389  90 0
p   225 167 3   176 441 5
p   196  64 4   277  77 0
p   315 264 4   212 239 2
p    44 274 0   344 383 1
p   103 123 4   208 454 3
p   269 111 0   473  51 0
p    99 295 4   220 202 4
p   134 409 4   308  14 2
p   393 105 4   499 225 3
p   108   3 1   241 309 5
p   148 168 5   340 365 6
p    45  63 3   313 334 1
p    69 471 1     9 144 3
p   324 378 1   260 163 5
p   184 415 1   509 266 2
p   371 193 0   225 147 4
p   269 425 3    79  76 4
p   135 108 6    71 469 3
p   479 429 2   240  43 2
p   474  51 1    21 440 4
p   301 238 1   299 359 5
p    83 320 4   297 372 3
p   488 332 4     6  73 4
p   392  73 4    79 390 5
p   317  34 1   138 239 5
p   296 507 4    72 501 0
p   170 326 2    11 151 1
p   397 303 1   446 109 2
p   447 391 2   265 501 4
p   366 335 6   473 152 3
p   325 121 4   462 156 2
p   230 197 4    26 397 1
p   318 217 4   291 264 1
p     3  54 2   131 248 3
p   263  67 3   486  88 0
p   173 362 6    55  15 2
p   318 471 2   399  65 4
p   127 389 6   226 351 2
p   434 209 4   505 285 3
p    49 486 3   358 335 1
p   326  49 0   430 307 2
p   269 285 4     0  73 0
p   385 231 1   191 342 3
p   279 480 2    52  54 5
p   159  58 5   455  52 4
p   379 125 5   350 227 1
p   132 424 1   360 292 3
p     8  62 2   322 195 1
p   196 237 4   286 188 2
p   412 301 6   308 145 3
p   242 436 5   450 367 1
p   139  83 6   460 165 0
p   242 403 4   345  10 0
p   373 419 1   417 487 4
p   282  16 2   239 488 3
p     6 290 0   507 337 5
p   355 481 2   142  40 0
p   244 380 5     1 315 5
p   443 394 2   360 359 0
p    19 177 4   195 330 5
p   394 144 6   283 321 4
p   344  78 4   220 495 4
p   498 507 5   300 307 3
p   189 214 6   330  87 0
p   224 225 0   116 169 2
p   319  79 5   254  35 0
p   482  16 4    91 334 6
p   470 223 3   148 225 6
p    19 245 6    54  59 5
p   144 408 2    16 419 2
p   236  30 4   424 112 6
p   324 280 1   448 217 0
p   473 188 2    29  16 0
p   447 444 3    41  71 6
p   287 407 0    33 397 0
p   420 478 3    58 367 3
p   256 454 3    70 190 5
p   261  41 3    17 450 1
p   373 509 6   270 165 4
p   279 465 1   355  78 2
p   398 186 1   180 191 0
p    73 379 4   334  70 0
p   250 247 0   494 418 6
p    88 336 5   165 504 0
p   406  74 1    97  59 4
p   124 409 5   490 396 6
p   285  16 2   201 494 2
p   138 409 6    23 502 5
p   509 332 0   347 116 6
p   477 440 4   129 474 5
p   324  87 1   290 303 2
p   416 347 1    15 310 2
p   455 119 3   101 494 4
p   385 456 3   279 230 4
p   171 420 2   394   8 2
p   245 461 5   375 325 6
p   371 323 6   391   7 6
p    96 383 2   200  78 3
p   511 423 5   329 109 0
p   477 465 0   466 383 0
p    78  90 1   462 215 3
p   217 237 1   161 129 1
p   311  11 6   263 257 2
p   374 389 5   494 212 0
p   408 364 0   252 414 6
p   179 241 3   380 360 3
p    94 300 0   182 157 0
p    49 403 3    65 478 2
p   225 355 1   400 432 3
p   363 370 6   396 184 3
p   201 273 6    49 457 3
p    74 478 1    13 241 4
p    25 321 3   288  41 2
p    66 239 2   168 451 4
p    56 336 6   187 394 4
p   243 207 1   213 136 3
p   342 454 1   414 390 4
p    98  36 0   164 149 5
p   175  83 6   360 411 3
