# Dimensions (x, y, z)
d  256 256 5

# Paths: Sources (x, y, z) -> Destinations (x, y, z)
p   216 194 2    66 130 2
p   200  77 2   149 232 2
p    72 193 3    64 232 4
p   207 230 1   186 230 3
p   120  25 2   156 233 4
p   122 221 1   206 140 0
p   184 102 4   171   0 2
p   222  62 1   222  48 2
p    61 247 4   114  20 1
p   130 238 0   141 180 2
p   208 138 4   154 150 2
p   152  98 2    74  48 0
p   156 168 2    22 193 4
p   236 215 4   236 138 1
p   180  70 4   217 229 2
p   243 148 2   169 255 4
p   203  21 3   124 161 4
p    62 187 0    56 203 1
p   208  25 0   178  11 2
p   232 136 3     6 162 3
p   147 100 1   251   9 0
p   246  47 0    53 204 4
p     5 108 0    66  56 3
p    89  46 2    10  25 4
p    51  91 3   214 235 0
p   172 247 0   173 216 1
p    64 152 2    44 120 2
p   145 130 1    91 214 1
p   143   3 3    85  11 1
p    61 244 1    73  91 4
p   162 158 3    99 106 3
p     0  49 1    61 163 1
p   224 145 2   102 179 2
p   169  11 2    66  40 2
p   124 143 3   226 126 1
p   119 207 4   207  48 4
p   162  21 3   252 102 3
p    80  54 3     0 210 2
p    25  30 3   223  71 4
p    25 218 1    20  70 2
p   202 220 0   133 166 1
p   223  71 0    10 174 2
p   242 240 4    10 191 3
p   167 182 4   163  95 2
p    53 150 0    38  85 3
p   183  86 3    10  41 4
p    74 101 2    75 122 1
p    12  45 2    18 103 1
p   106  25 4   121 215 4
p    87 122 3   109  77 3
p   228 235 3    96 249 3
p    16  21 3    15   2 1
p   132 114 2   149 173 2
p    94 253 1   198 110 1
p    16 221 3   231 115 3
p    30 101 1    10 242 1
p    37  50 1   139  38 4
p   251  37 2   174 224 2
p   234  82 2   127 171 1
p   156  56 1   246 230 4
p     9  37 1   200 215 2
p   183 206 0    21 222 0
p    57  10 0   216  84 0
p    38 167 4   129 230 2
p   146 173 4   194 253 3
p   231  52 2   153 211 2
p   202  99 2   217 204 3
p     0  46 2    65  16 4
p   241  77 2   207  15 3
p    32  73 4    14   9 2
p   125 221 3   172  38 4
p   105 156 1    12 120 0
p     8 158 3    26 140 1
p    98 198 2   225 156 2
p   161  86 0   174 159 3
p    32 233 3   234 223 3
p   207 132 3    48 200 2
p   193 116 3    19  11 4
p   124 230 4   170 146 1
p    23 209 4   199 178 2
p    78  29 2   144 236 4
p   106  25 3   187   7 2
p   175   7 4   246 184 0
p    18  91 0    89   2 4
p   209  18 4    53  52 3
p   240  31 0    94   6 3
p   219  47 0    88 245 0
p   247  92 2    74 239 4
p   162  47 4    26 148 0
p   229 242 4    80  62 3
p    74 107 0    33   5 0
p    18 107 2   189  36 2
p   163  21 2    94 242 0
p   104 106 3    82  52 1
p   120 243 3    70 142 3
p   203 114 1   196 110 1
p   116 239 0   118 163 2
p    52   0 3   158   1 1
p   196 161 2    39 180 2
p   173 194 1   195  71 4
p    30 226 0    65 134 2
p   101  26 1    72 193 4
p   152   9 3    78  87 2
p    63 235 0   106  74 2
p   146 160 2   105 162 2
p   199 201 1    95 160 0
p   178  97 2    35 171 1
p   121 106 2   177  81 3
p    15  76 3    13 159 0
p   120 227 0   134  17 4
p   175 189 3     1  10 3
p   255 223 3   186  58 3
p    73  26 2    84  43 2
p   229 111 2   181 134 0
p   233 113 3    99 206 1
p    56  50 4   150  12 1
p    59  21 0    14 163 0
p   156 156 3   131  72 4
p    90 117 3   132 244 4
p   238 239 2   125 180 1
p    68  11 0     0 167 0
p   201 174 4   101 235 2
p    86  26 4   203  82 2
p    83   7 0    94  53 2
p    48  51 3   188  79 4
p    65  88 3    11 239 0
p   117 185 0   207 250 2
p    30  20 0   195 105 4
p   112  19 2   193 212 0
p    46 125 0   222 239 1
p   111 142 1   138  51 1
p   113 154 2    66  59 0
p   200  25 3    63  72 3
p   168 189 2   219  31 3
p    30 188 1   172 180 3
p    56 212 1   132 172 1
p   160  73 0   207 141 1
p   149   6 0   101 249 2
p    19 195 3   198 145 3
p    54 187 4   194  90 2
p   161 230 0   213 134 1
p   116   3 1   167 169 2
p   244 123 1   217  66 3
p   180 210 3    98  15 0
p   185 246 1   112 185 3
p    66 171 1    91 138 3
p    38   5 3     6  11 1
p   167  17 0   248 108 4
p    55 111 1    45  84 4
p   191  97 2    67 136 3
p   175 118 0   235 104 1
p     0  35 4   131 187 0
p    84 215 4    63   5 4
p    43 201 3    43  20 4
p   153 158 2    38 154 1
p   206 187 0   238   9 0
p    74  38 1    91 188 2
p    69 126 1    79 230 2
p   250 197 2    67 175 2
p   184 103 2     5 189 0
p   174 148 3    74 175 1
p   135  87 4   248  53 2
p    84 247 4   150 184 3
p    90 234 4    84 191 0
p   208 144 4    92 160 1
p   200 153 4     0  36 0
p    32 237 4   122 242 4
p   199 191 0   140 108 4
p    44  43 3    40  28 2
p   203 154 3    68  72 2
p   253 183 4   137 141 4
p    48 200 3   216 192 0
p   169 236 2    92 243 2
p   105 157 4    58   4 2
p   240 174 3   160 127 3
p    63 228 1   241 237 0
p   114 190 2   130 206 3
p   245  42 4   237 162 4
p    64 225 3   156  23 0
p     2  64 3    98 198 3
p    99 225 0   119 212 0
p   181  83 0   121 133 0
p   144  88 0    48  28 2
p    11 237 4   241  80 4
p   251 195 1   171 152 2
p    78  15 0    34 123 3
p   195  11 4    11 142 3
p   161 243 1   149  21 2
p   208  51 1   179  64 1
p   239 255 0   230 141 0
p   149 164 0   193 209 0
p   165 116 1   117  40 1
p   167 121 2   139 210 1
p   208  20 2    90 115 4
p   131 252 4    30  81 0
p   187   4 4    49 105 0
p    79  99 0   196 182 1
p   213  19 0    90 230 3
p   172 144 4   105   7 4
p    48  99 1    31  89 0
p   157 167 0   116 141 4
p   126  20 0   220 202 4
p    67 165 0   211  85 4
p   120   8 4   160  73 0
p    96  40 2    37  44 4
p   163  62 4   159 242 2
p   227 173 0    61  72 0
p    60  57 4   118 224 0
p   144   3 4     1  99 4
p   255   4 4   130   9 3
p    28 156 3   172  97 0
p   111 233 1    63  35 2
p   136  18 2   168 247 2
p   111 120 1   101 165 1
p   148 213 4   226  95 0
p   156 121 1    10  82 3
p   246  27 4    12 182 0
p   107 222 1   236 182 3
p    41  87 2   151 254 1
p   128 238 1   160 196 3
p   192  50 4    45 149 1
p   162  74 2   174  68 3
p    88  33 3    42 110 1
p    19 181 3   199 139 2
p    43  53 1   134 209 1
p   225 188 3    85  30 4
p   218 104 4   230  87 2
p    84 177 4   252 190 1
p   225 254 1   242 130 4
p   254 208 3    39   1 2
p   180 239 2   178 165 1
p   164 251 0   176 157 1
p   203   2 4   209 123 0
p   115 149 1   124 198 4
p   143 211 0   219 235 0
p   211 217 4   132 155 1
p   181 103 0    34  99 4
p   144 234 4    22 150 1
p   129 116 2    26 213 2
p   165 121 0   138  40 4
p   212  36 0    17 100 4
p   142  67 1    28  36 4
p    35 221 4    35 143 0
p   220 142 3   125 176 4
p   143 223 1    24   1 1
p   214  79 1   126 242 2
p    87  19 2    57  94 1
p   194  59 4   190 123 4
p    91  98 0   199 102 2
p   120 167 1   234 110 1
p   102 196 4   221 122 1
p   114  88 1    47 244 2
p    28  98 1   131 250 4
p   144 158 3   128 124 1
p   175  23 1   228  58 4
p   251 147 0    23  51 1
