# Dimensions (x, y, z)
d  256 256 3

# Paths: Sources (x, y, z) -> Destinations (x, y, z)
p   216 194 1    66 130 1
p   200  77 1   149 232 1
p    72 193 1    64 232 2
p   207 230 0   186 230 2
p   120  25 1   156 233 2
p   122 221 0   206 140 0
p   184 102 2   171   0 1
p   222  62 0   222  48 1
p    61 247 2   114  20 0
p   130 238 0   141 180 1
p   208 138 2   154 150 1
p   152  98 1    74  48 0
p   156 168 1    22 193 2
p   236 215 2   236 138 1
p   180  70 2   217 229 1
p   243 148 1   169 255 2
p   203  21 1   124 161 2
p    62 187 0    56 203 0
p   208  25 0   178  11 1
p   232 136 2     6 162 1
p   147 100 1   251   9 0
p   246  47 0    53 204 2
p     5 108 0    66  56 1
p    89  46 1    10  25 2
p    51  91 2   214 235 0
p   172 247 0   173 216 1
p    64 152 1    44 120 1
p   145 130 0    91 214 0
p   143   3 2    85  11 0
p    61 244 1    73  91 2
p   162 158 2    99 106 1
p     0  49 1    61 163 1
p   224 145 1   102 179 1
p   169  11 1    66  40 1
p   124 143 2   226 126 0
p   119 207 2   207  48 2
p   162  21 2   252 102 2
p    80  54 2     0 210 1
p    25  30 1   223  71 2
p    25 218 1    20  70 1
p   202 220 0   133 166 1
p   223  71 0    10 174 1
p   242 240 2    10 191 2
p   167 182 2   163  95 1
p    53 150 0    38  85 2
p   183  86 1    10  41 2
p    74 101 1    75 122 0
p    12  45 1    18 103 0
p   106  25 2   121 215 2
p    87 122 2   109  77 2
p   228 235 1    96 249 1
p    16  21 2    15   2 1
p   132 114 1   149 173 1
p    94 253 0   198 110 1
p    16 221 2   231 115 2
p    30 101 0    10 242 0
p    37  50 1   139  38 2
p   251  37 1   174 224 1
p   234  82 1   127 171 0
p   156  56 1   246 230 2
p     9  37 0   200 215 1
p   183 206 0    21 222 0
p    57  10 0   216  84 0
p    38 167 2   129 230 1
p   146 173 2   194 253 2
p   231  52 1   153 211 1
p   202  99 1   217 204 1
p     0  46 1    65  16 2
p   241  77 1   207  15 1
p    32  73 2    14   9 1
p   125 221 2   172  38 2
p   105 156 1    12 120 0
p     8 158 1    26 140 1
p    98 198 1   225 156 1
p   161  86 0   174 159 2
p    32 233 2   234 223 2
p   207 132 2    48 200 1
p   193 116 2    19  11 2
p   124 230 2   170 146 0
p    23 209 2   199 178 1
p    78  29 1   144 236 2
p   106  25 2   187   7 1
p   175   7 2   246 184 0
p    18  91 0    89   2 2
p   209  18 2    53  52 2
p   240  31 0    94   6 1
p   219  47 0    88 245 0
p   247  92 1    74 239 2
p   162  47 2    26 148 0
p   229 242 2    80  62 2
p    74 107 0    33   5 0
p    18 107 1   189  36 1
p   163  21 1    94 242 0
p   104 106 2    82  52 0
p   120 243 2    70 142 2
p   203 114 1   196 110 0
p   116 239 0   118 163 1
p    52   0 2   158   1 0
p   196 161 1    39 180 1
p   173 194 0   195  71 2
p    30 226 0    65 134 1
p   101  26 0    72 193 2
p   152   9 2    78  87 1
p    63 235 0   106  74 1
p   146 160 1   105 162 1
p   199 201 0    95 160 0
p   178  97 1    35 171 1
p   121 106 1   177  81 1
p    15  76 2    13 159 0
p   120 227 0   134  17 2
p   175 189 2     1  10 1
p   255 223 2   186  58 2
p    73  26 1    84  43 1
p   229 111 1   181 134 0
p   233 113 2    99 206 1
p    56  50 2   150  12 1
p    59  21 0    14 163 0
p   156 156 2   131  72 2
p    90 117 1   132 244 2
p   238 239 1   125 180 0
p    68  11 0     0 167 0
p   201 174 2   101 235 1
p    86  26 2   203  82 1
p    83   7 0    94  53 1
p    48  51 2   188  79 2
p    65  88 2    11 239 0
p   117 185 0   207 250 1
p    30  20 0   195 105 2
p   112  19 1   193 212 0
p    46 125 0   222 239 0
p   111 142 0   138  51 0
p   113 154 1    66  59 0
p   200  25 2    63  72 2
p   168 189 1   219  31 1
p    30 188 1   172 180 1
p    56 212 0   132 172 0
p   160  73 0   207 141 0
p   149   6 0   101 249 1
p    19 195 2   198 145 2
p    54 187 2   194  90 1
p   161 230 0   213 134 1
p   116   3 0   167 169 1
p   244 123 0   217  66 1
p   180 210 2    98  15 0
p   185 246 1   112 185 1
p    66 171 0    91 138 2
p    38   5 1     6  11 0
p   167  17 0   248 108 2
p    55 111 1    45  84 2
p   191  97 1    67 136 2
p   175 118 0   235 104 1
p     0  35 2   131 187 0
p    84 215 2    63   5 2
p    43 201 2    43  20 2
p   153 158 1    38 154 0
p   206 187 0   238   9 0
p    74  38 0    91 188 1
p    69 126 1    79 230 1
p   250 197 1    67 175 1
p   184 103 1     5 189 0
p   174 148 2    74 175 0
p   135  87 2   248  53 1
p    84 247 2   150 184 2
p    90 234 2    84 191 0
p   208 144 2    92 160 0
p   200 153 2     0  36 0
p    32 237 2   122 242 2
p   199 191 0   140 108 2
p    44  43 1    40  28 1
p   203 154 2    68  72 1
p   253 183 2   137 141 2
p    48 200 2   216 192 0
p   169 236 1    92 243 1
p   105 157 2    58   4 1
p   240 174 1   160 127 2
p    63 228 0   241 237 0
p   114 190 1   130 206 2
p   245  42 2   237 162 2
p    64 225 2   156  23 0
p     2  64 2    98 198 1
p    99 225 0   119 212 0
p   181  83 0   121 133 0
p   144  88 0    48  28 1
p    11 237 2   241  80 2
p   251 195 0   171 152 1
p    78  15 0    34 123 1
p   195  11 2    11 142 2
p   161 243 1   149  21 1
p   208  51 0   179  64 0
p   239 255 0   230 141 0
p   149 164 0   193 209 0
p   165 116 0   117  40 1
p   167 121 1   139 210 1
p   208  20 1    90 115 2
p   131 252 2    30  81 0
p   187   4 2    49 105 0
p    79  99 0   196 182 1
p   213  19 0    90 230 2
p   172 144 2   105   7 2
p    48  99 1    31  89 0
p   157 167 0   116 141 2
p   126  20 0   220 202 2
p    67 165 0   211  85 2
p   120   8 2   160  73 0
p    96  40 1    37  44 2
p   163  62 2   159 242 1
p   227 173 0    61  72 0
p    60  57 2   118 224 0
p   144   3 2     1  99 2
p   255   4 2   130   9 2
p    28 156 2   172  97 0
p   111 233 0    63  35 1
p   136  18 1   168 247 1
p   111 120 0   101 165 1
p   148 213 2   226  95 0
p   156 121 0    10  82 2
p   246  27 2    12 182 0
p   107 222 1   236 182 1
p    41  87 1   151 254 0
p   128 238 1   160 196 1
p   192  50 2    45 149 0
p   162  74 1   174  68 2
p    88  33 1    42 110 1
p    19 181 2   199 139 1
p    43  53 0   134 209 1
p   225 188 2    85  30 2
p   218 104 2   230  87 1
p    84 177 2   252 190 0
p   225 254 1   242 130 2
p   254 208 2    39   1 1
p   180 239 1   178 165 0
p   164 251 0   176 157 1
p   203   2 2   209 123 0
p   115 149 0   124 198 2
p   143 211 0   219 235 0
p   211 217 2   132 155 0
p   181 103 0    34  99 2
p   144 234 2    22 150 1
p   129 116 1    26 213 1
p   165 121 0   138  40 2
p   212  36 0    17 100 2
p   142  67 0    28  36 2
p    35 221 2    35 143 0
p   220 142 2   125 176 2
p   143 223 1    24   1 0
p   214  79 0   126 242 1
p    87  19 1    57  94 1
p   194  59 2   190 123 2
p    91  98 0   199 102 1
p   120 167 1   234 110 1
p   102 196 2   221 122 0
p   114  88 0    47 244 1
p    28  98 1   131 250 2
p   144 158 2   128 124 0
p   175  23 0   228  58 2
p   251 147 0    23  51 0
