# Dimensions (x, y, z)
d  128 128 3

# Paths: Sources (x, y, z) -> Destinations (x, y, z)
p   108  97 1    33  65 1
p   100  38 1    74 116 1
p    36  96 1    32 116 2
p   103 115 0    93 115 2
p    60  12 1    78 116 2
p    61 110 0   103  70 0
p    92  51 2    85   0 1
p   111  31 0   111  24 1
p    30 123 2    57  10 0
p    65 119 0    70  90 1
p   104  69 2    77  75 1
p    76  49 1    37  24 0
p    78  84 1    11  96 2
p   118 107 2   118  69 1
p    90  35 2   108 114 1
p   121  74 1    84 127 2
p   101  10 1    62  80 2
p    31  93 0    28 101 0
p   104  12 0    89   5 1
p   116  68 2     3  81 1
p    73  50 1   125   4 0
p   123  23 0    26 102 2
p     2  54 0    33  28 1
p    44  23 1     5  12 2
p    25  45 2   107 117 0
p    86 123 0    86 108 1
p    32  76 1    22  60 1
p    72  65 0    45 107 0
p    71   1 2    42   5 0
p    30 122 1    36  45 2
p    81  79 2    49  53 1
p     0  24 1    30  81 1
p   112  72 1    51  89 1
p    84   5 1    33  20 1
p    62  71 2   113  63 0
p    59 103 2   103  24 2
p    81  10 2   126  51 2
p    40  27 2     0 105 1
p    12  15 1   111  35 2
p    12 109 1    10  35 1
p   101 110 0    66  83 1
p   111  35 0     5  87 1
p   121 120 2     5  95 2
p    83  91 2    81  47 1
p    26  75 0    19  42 2
p    91  43 1     5  20 2
p    37  50 1    37  61 0
p     6  22 1     9  51 0
p    53  12 2    60 107 2
p    43  61 2    54  38 2
p   114 117 1    48 124 1
p     8  10 2     7   1 1
p    66  57 1    74  86 1
p    47 126 0    99  55 1
p     8 110 2   115  57 2
p    15  50 0     5 121 0
p    18  25 1    69  19 2
p   125  18 1    87 112 1
p   117  41 1    63  85 0
p    78  28 1   123 115 2
p     4  18 0   100 107 1
p    91 103 0    10 111 0
p    28   5 0   108  42 0
p    19  83 2    64 115 1
p    73  86 2    97 126 2
p   115  26 1    76 105 1
p   101  49 1   108 102 1
p     0  23 1    32   8 2
p   120  38 1   103   7 1
p    16  36 2     7   4 1
p    62 110 2    86  19 2
p    52  78 1     6  60 0
p     4  79 1    13  70 1
p    49  99 1   112  78 1
p    80  43 0    87  79 2
p    16 116 2   117 111 2
p   103  66 2    24 100 1
p    96  58 2     9   5 2
p    62 115 2    85  73 0
p    11 104 2    99  89 1
p    39  14 1    72 118 2
p    53  12 2    93   3 1
p    87   3 2   123  92 0
p     9  45 0    44   1 2
p   104   9 2    26  26 2
p   120  15 0    47   3 1
p   109  23 0    44 122 0
p   123  46 1    37 119 2
p    81  23 2    13  74 0
p   114 121 2    40  31 2
p    37  53 0    16   2 0
p     9  53 1    94  18 1
p    81  10 1    47 121 0
p    52  53 2    41  26 0
p    60 121 2    35  71 2
p   101  57 1    98  55 0
p    58 119 0    59  81 1
p    26   0 2    79   0 0
p    98  80 1    19  90 1
p    86  97 0    97  35 2
p    15 113 0    32  67 1
p    50  13 0    36  96 2
p    76   4 2    39  43 1
p    31 117 0    53  37 1
p    73  80 1    52  81 1
p    99 100 0    47  80 0
p    89  48 1    17  85 1
p    60  53 1    88  40 1
p     7  38 2     6  79 0
p    60 113 0    67   8 2
p    87  94 2     0   5 1
p   127 111 2    93  29 2
p    36  13 1    42  21 1
p   114  55 1    90  67 0
p   116  56 2    49 103 1
p    28  25 2    75   6 1
p    29  10 0     7  81 0
p    78  78 2    65  36 2
p    45  58 1    66 122 2
p   119 119 1    62  90 0
p    34   5 0     0  83 0
p   100  87 2    50 117 1
p    43  13 2   101  41 1
p    41   3 0    47  26 1
p    24  25 2    94  39 2
p    32  44 2     5 119 0
p    58  92 0   103 125 1
p    15  10 0    97  52 2
