# Dimensions (x, y, z)
d  128 128 3

# Paths: Sources (x, y, z) -> Destinations (x, y, z)
p   108  97 1    33  65 1
p   100  38 1    74 116 1
p    36  96 1    32 116 2
p   103 115 0    93 115 2
p    60  12 1    78 116 2
p    61 110 0   103  70 0
p    92  51 2    85   0 1
p   111  31 0   111  24 1
p    30 123 2    57  10 0
p    65 119 0    70  90 1
p   104  69 2    77  75 1
p    76  49 1    37  24 0
p    78  84 1    11  96 2
p   118 107 2   118  69 1
p    90  35 2   108 114 1
p   121  74 1    84 127 2
p   101  10 1    62  80 2
p    31  93 0    28 101 0
p   104  12 0    89   5 1
p   116  68 2     3  81 1
p    73  50 1   125   4 0
p   123  23 0    26 102 2
p     2  54 0    33  28 1
p    44  23 1     5  12 2
p    25  45 2   107 117 0
p    86 123 0    86 108 1
p    32  76 1    22  60 1
p    72  65 0    45 107 0
p    71   1 2    42   5 0
p    30 122 1    36  45 2
p    81  79 2    49  53 1
p     0  24 1    30  81 1
p   112  72 1    51  89 1
p    84   5 1    33  20 1
p    62  71 2   113  63 0
p    59 103 2   103  24 2
p    81  10 2   126  51 2
p    40  27 2     0 105 1
p    12  15 1   111  35 2
p    12 109 1    10  35 1
p   101 110 0    66  83 1
p   111  35 0     5  87 1
p   121 120 2     5  95 2
p    83  91 2    81  47 1
p    26  75 0    19  42 2
p    91  43 1     5  20 2
p    37  50 1    37  61 0
p     6  22 1     9  51 0
p    53  12 2    60 107 2
p    43  61 2    54  38 2
p   114 117 1    48 124 1
p     8  10 2     7   1 1
p    66  57 1    74  86 1
p    47 126 0    99  55 1
p     8 110 2   115  57 2
p    15  50 0     5 121 0
p    18  25 1    69  19 2
p   125  18 1    87 112 1
p   117  41 1    63  85 0
p    78  28 1   123 115 2
p     4  18 0   100 107 1
p    91 103 0    10 111 0
p    28   5 0   108  42 0
p    19  83 2    64 115 1
