# Dimensions (x, y, z)
d  128 128 5

# Paths: Sources (x, y, z) -> Destinations (x, y, z)
p   108  97 2    33  65 2
p   100  38 2    74 116 2
p    36  96 3    32 116 4
p   103 115 1    93 115 3
p    60  12 2    78 116 4
p    61 110 1   103  70 0
p    92  51 4    85   0 2
p   111  31 1   111  24 2
p    30 123 4    57  10 1
p    65 119 0    70  90 2
p   104  69 4    77  75 2
p    76  49 2    37  24 0
p    78  84 2    11  96 4
p   118 107 4   118  69 1
p    90  35 4   108 114 2
p   121  74 2    84 127 4
p   101  10 3    62  80 4
p    31  93 0    28 101 1
p   104  12 0    89   5 2
p   116  68 3     3  81 3
p    73  50 1   125   4 0
p   123  23 0    26 102 4
p     2  54 0    33  28 3
p    44  23 2     5  12 4
p    25  45 3   107 117 0
p    86 123 0    86 108 1
p    32  76 2    22  60 2
p    72  65 1    45 107 1
p    71   1 3    42   5 1
p    30 122 1    36  45 4
p    81  79 3    49  53 3
p     0  24 1    30  81 1
p   112  72 2    51  89 2
p    84   5 2    33  20 2
p    62  71 3   113  63 1
p    59 103 4   103  24 4
p    81  10 3   126  51 3
p    40  27 3     0 105 2
p    12  15 3   111  35 4
p    12 109 1    10  35 2
p   101 110 0    66  83 1
p   111  35 0     5  87 2
p   121 120 4     5  95 3
p    83  91 4    81  47 2
p    26  75 0    19  42 3
p    91  43 3     5  20 4
p    37  50 2    37  61 1
p     6  22 2     9  51 1
p    53  12 4    60 107 4
p    43  61 3    54  38 3
p   114 117 3    48 124 3
p     8  10 3     7   1 1
p    66  57 2    74  86 2
p    47 126 1    99  55 1
p     8 110 3   115  57 3
p    15  50 1     5 121 1
p    18  25 1    69  19 4
p   125  18 2    87 112 2
p   117  41 2    63  85 1
p    78  28 1   123 115 4
p     4  18 1   100 107 2
p    91 103 0    10 111 0
p    28   5 0   108  42 0
p    19  83 4    64 115 2
p    73  86 4    97 126 3
p   115  26 2    76 105 2
p   101  49 2   108 102 3
p     0  23 2    32   8 4
p   120  38 2   103   7 3
p    16  36 4     7   4 2
p    62 110 3    86  19 4
p    52  78 1     6  60 0
p     4  79 3    13  70 1
p    49  99 2   112  78 2
p    80  43 0    87  79 3
p    16 116 3   117 111 3
p   103  66 3    24 100 2
p    96  58 3     9   5 4
p    62 115 4    85  73 1
p    11 104 4    99  89 2
p    39  14 2    72 118 4
p    53  12 3    93   3 2
p    87   3 4   123  92 0
p     9  45 0    44   1 4
p   104   9 4    26  26 3
p   120  15 0    47   3 3
p   109  23 0    44 122 0
p   123  46 2    37 119 4
p    81  23 4    13  74 0
p   114 121 4    40  31 3
p    37  53 0    16   2 0
p     9  53 2    94  18 2
p    81  10 2    47 121 0
p    52  53 3    41  26 1
p    60 121 3    35  71 3
p   101  57 1    98  55 1
p    58 119 0    59  81 2
p    26   0 3    79   0 1
p    98  80 2    19  90 2
p    86  97 1    97  35 4
p    15 113 0    32  67 2
p    50  13 1    36  96 4
p    76   4 3    39  43 2
p    31 117 0    53  37 2
p    73  80 2    52  81 2
p    99 100 1    47  80 0
p    89  48 2    17  85 1
p    60  53 2    88  40 3
p     7  38 3     6  79 0
p    60 113 0    67   8 4
p    87  94 3     0   5 3
p   127 111 3    93  29 3
p    36  13 2    42  21 2
p   114  55 2    90  67 0
p   116  56 3    49 103 1
p    28  25 4    75   6 1
p    29  10 0     7  81 0
p    78  78 3    65  36 4
p    45  58 3    66 122 4
p   119 119 2    62  90 1
p    34   5 0     0  83 0
p   100  87 4    50 117 2
p    43  13 4   101  41 2
p    41   3 0    47  26 2
p    24  25 3    94  39 4
p    32  44 3     5 119 0
p    58  92 0   103 125 2
p    15  10 0    97  52 4
